/*Marks Table */

CREATE TABLE marks (
    stu_id CHAR(6),
    c_code CHAR(7),
    Q1_mark INT,
    Q2_mark INT,
    Q3_mark INT,
    mid_term DECIMAL(5,2),
    as1_mark DECIMAL(5,2),
    as2_mark DECIMAL(5,2),
    end_theory DECIMAL(4,2),
    end_practical DECIMAL(4,2),
    FOREIGN KEY (c_code) REFERENCES courses(course_code),
    FOREIGN KEY (stu_id) REFERENCES users(username)
);

INSERT INTO marks 
VALUES

/*--ICT2132 OOP Practical --*/
('TG1701','ICT2132',9,5,7,90,65,45,0,60),
('TG1702','ICT2132',3,7,7,88,60,40,0,60),
('TG1703','ICT2132',9,5,4,75,55,45,0,60),
('TG1704','ICT2132',4,5,7,10,65,45,0,40),
('TG1705','ICT2132',9,5,7,90,65,45,0,60),
('TG1706','ICT2132',8,6,7,85,60,50,0,65),
('TG1707','ICT2132',7,5,6,70,55,50,0,55),
('TG1708','ICT2132',10,9,8,95,70,65,0,75),
('TG1709','ICT2132',6,5,4,65,50,45,0,50),
('TG1710','ICT2132',0,0,0,0,0,0,0,0),
('TG1711','ICT2132',5,6,7,75,60,55,0,60),
('TG1712','ICT2132',9,8,7,88,70,65,0,70),
('TG1713','ICT2132',3,4,5,60,50,45,0,50),
('TG1714','ICT2132',8,7,6,80,65,60,0,65),
('TG1715','ICT2132',7,6,5,78,60,55,0,60),
('TG1716','ICT2132',6,5,4,70,55,50,0,55),
('TG1717','ICT2132',10,9,9,95,75,70,0,80),
('TG1718','ICT2132',2,3,4,50,45,40,0,45),
('TG1719','ICT2132',9,8,7,88,70,65,0,70),
('TG1720','ICT2132',0,0,0,0,0,0,0,0),

/*--ICT2122 Data Structures --*/
('TG1701','ICT2121',8,7,6,70,60,55,72,0),
('TG1702','ICT2121',6,5,4,65,55,50,68,0),
('TG1703','ICT2121',9,8,7,80,65,60,75,0),
('TG1704','ICT2121',4,5,6,60,50,45,65,0),
('TG1705','ICT2121',3,4,5,55,45,40,60,0),
('TG1706','ICT2121',7,6,5,75,60,55,70,0),
('TG1707','ICT2121',8,7,6,78,65,60,72,0),
('TG1708','ICT2121',10,9,8,90,75,70,85,0),
('TG1709','ICT2121',5,4,3,60,50,45,55,0),
('TG1710','ICT2121',0,0,0,0,0,0,0,0),
('TG1711','ICT2121',6,7,8,75,65,60,70,0),
('TG1712','ICT2121',9,8,7,85,70,65,80,0),
('TG1713','ICT2121',3,4,5,55,45,40,60,0),
('TG1714','ICT2121',7,6,5,70,60,55,68,0),
('TG1715','ICT2121',6,5,4,65,55,50,60,0),
('TG1716','ICT2121',5,4,3,60,50,45,55,0),
('TG1717','ICT2121',10,9,9,95,80,75,90,0),
('TG1718','ICT2121',2,3,4,50,40,35,48,0),
('TG1719','ICT2121',8,7,6,80,65,60,75,0),
('TG1720','ICT2121',0,0,0,0,0,0,0,0),

/*--ICT2112 DBMS --*/
('TG1701','ICT2112',7,6,5,65,55,50,70,0),
('TG1702','ICT2112',6,5,4,60,50,45,65,0),
('TG1703','ICT2112',9,8,7,80,65,60,75,0),
('TG1704','ICT2112',5,6,7,70,60,55,72,0),
('TG1705','ICT2112',3,4,5,55,45,40,60,0),
('TG1706','ICT2112',7,6,5,75,60,55,70,0),
('TG1707','ICT2112',8,7,6,78,65,60,72,0),
('TG1708','ICT2112',10,9,8,90,75,70,85,0),
('TG1709','ICT2112',4,3,2,55,45,40,50,0),
('TG1710','ICT2112',0,0,0,0,0,0,0,0),
('TG1711','ICT2112',6,7,8,75,65,60,70,0),
('TG1712','ICT2112',9,8,7,85,70,65,80,0),
('TG1713','ICT2112',3,4,5,55,45,40,60,0),
('TG1714','ICT2112',7,6,5,70,60,55,68,0),
('TG1715','ICT2112',6,5,4,65,55,50,60,0),
('TG1716','ICT2112',5,4,3,60,50,45,55,0),
('TG1717','ICT2112',10,9,9,95,80,75,90,0),
('TG1718','ICT2112',2,3,4,50,40,35,48,0),
('TG1719','ICT2112',8,7,6,80,65,60,75,0),
('TG1720','ICT2112',0,0,0,0,0,0,0,0),

/*--ICT2142 Web Technologies --*/
('TG1701','ICT2142',10,9,8,85,70,65,80,85),
('TG1702','ICT2142',8,7,6,75,65,60,70,75),
('TG1703','ICT2142',9,8,7,80,70,65,75,80),
('TG1704','ICT2142',6,5,4,65,55,50,60,65),
('TG1705','ICT2142',5,4,3,60,50,45,55,60),
('TG1706','ICT2142',7,6,5,70,60,55,68,70),
('TG1707','ICT2142',8,7,6,75,65,60,72,75),
('TG1708','ICT2142',10,10,9,95,80,75,90,90),
('TG1709','ICT2142',4,3,2,55,45,40,50,55),
('TG1710','ICT2142',0,0,0,0,0,0,0,0),
('TG1711','ICT2142',7,8,9,80,70,65,75,80),
('TG1712','ICT2142',9,8,7,85,75,70,80,85),
('TG1713','ICT2142',3,4,5,55,45,40,60,60),
('TG1714','ICT2142',7,6,5,70,60,55,68,70),
('TG1715','ICT2142',6,5,4,65,55,50,60,65),
('TG1716','ICT2142',5,4,3,60,50,45,55,60),
('TG1717','ICT2142',10,9,9,95,80,75,90,90),
('TG1718','ICT2142',2,3,4,50,40,35,48,50),
('TG1719','ICT2142',8,7,6,80,65,60,75,80),
('TG1720','ICT2142',0,0,0,0,0,0,0,0),

/*--ICT2152 Computer Networks --*/
('TG1701','ICT2152',6,5,7,65,55,50,60,0),
('TG1702','ICT2152',5,4,6,60,50,45,55,0),
('TG1703','ICT2152',8,7,6,75,65,60,70,0),
('TG1704','ICT2152',4,5,6,60,50,45,65,0),
('TG1705','ICT2152',3,4,5,55,45,40,60,0),
('TG1706','ICT2152',7,6,5,70,60,55,68,0),
('TG1707','ICT2152',8,7,6,75,65,60,72,0),
('TG1708','ICT2152',10,9,8,90,75,70,85,0),
('TG1709','ICT2152',4,3,2,55,45,40,50,0),
('TG1710','ICT2152',0,0,0,0,0,0,0,0),
('TG1711','ICT2152',7,8,9,80,70,65,75,0),
('TG1712','ICT2152',9,8,7,85,75,70,80,0),
('TG1713','ICT2152',3,4,5,55,45,40,60,0),
('TG1714','ICT2152',7,6,5,70,60,55,68,0),
('TG1715','ICT2152',6,5,4,65,55,50,60,0),
('TG1716','ICT2152',5,4,3,60,50,45,55,0),
('TG1717','ICT2152',10,9,9,95,80,75,90,0),
('TG1718','ICT2152',2,3,4,50,40,35,48,0),
('TG1719','ICT2152',8,7,6,80,65,60,75,0),
('TG1720','ICT2152',0,0,0,0,0,0,0,0),

/*--ICT2122 OOP Theory --*/
('TG1701','ICT2122',7,6,5,70,60,55,72,0),
('TG1702','ICT2122',6,5,4,65,55,50,68,0),
('TG1703','ICT2122',9,8,7,80,65,60,75,0),
('TG1704','ICT2122',5,6,7,70,60,55,72,0),
('TG1705','ICT2122',3,4,5,55,45,40,60,0),
('TG1706','ICT2122',7,6,5,75,60,55,70,0),
('TG1707','ICT2122',8,7,6,78,65,60,72,0),
('TG1708','ICT2122',10,9,8,90,75,70,85,0),
('TG1709','ICT2122',4,3,2,55,45,40,50,0),
('TG1710','ICT2122',0,0,0,0,0,0,0,0),
('TG1711','ICT2122',7,8,9,80,70,65,75,0),
('TG1712','ICT2122',9,8,7,85,75,70,80,0),
('TG1713','ICT2122',3,4,5,55,45,40,60,0),
('TG1714','ICT2122',7,6,5,70,60,55,68,0),
('TG1715','ICT2122',6,5,4,65,55,50,60,0),
('TG1716','ICT2122',5,4,3,60,50,45,55,0),
('TG1717','ICT2122',10,9,9,95,80,75,90,0),
('TG1718','ICT2122',2,3,4,50,40,35,48,0),
('TG1719','ICT2122',8,7,6,80,65,60,75,0),
('TG1720','ICT2122',0,0,0,0,0,0,0,0);

